
Driving data table

	income 	 age   distance bought
1	 35,000  35       15    yes
2    35,000  40       15    yes
3    35,000  35       20    yes
4    25,000  40       15    yes
5    25,000  45       10    yes  
6    45,000  40       20    yes
7    45,000  45       10    yes
8    15,000  30        5    yes
9    55,000  50       25    yes
10	 35,000	 50       15    no  
11   35,000  45       20    no   
12   35,000  40       15    no  
13   35,000  35       20    no  
14   35,000  40       15    no   
15   35,000  35       10    no  
16   25,000  35       10    no  
17	 25,000  50       15    no  
18   25,000  40       20    no  
19   25,000  35       15    no  
20   45,000  30       5     no 
21   45,000  40       20    no  
22   45,000  45       10    no         
23   45,000  40       15    no          
24   15,000  45       10    no          
25   15,000  30       5     no         
26   45,000  40       25    no          
27   45,000  45       25    no          


40
35 45
30 50

15
20 10
5 25
